,Outer fold,hi,error_ANN,Opt lambda,error_lin_mod,error_baseline
0,1,20,[21.15307],1e-05,25.70486516073133,40.87200899978071
1,2,20,[20.88954],10.0,23.026993642424316,48.396178824262094
2,3,18,[17.59348],1e-05,21.529107955252652,46.40165706074296
3,4,20,[20.401514],100.0,22.554975620412044,46.45643731448889
4,5,20,[21.230293],100.0,25.104690799414914,49.264180047288875
5,6,20,[16.819387],100.0,22.454717208579137,49.04441378595556
6,7,20,[17.292198],1e-05,18.573498269511468,44.94876080573333
7,8,20,[11.188155],1e-05,22.187052388765867,50.64862016306666
8,9,20,[21.170938],10.0,26.62268851617822,48.43020111715555
9,10,20,[20.76613],10.0,26.246860391967065,45.74672286582222
